TWC = [
        1,  0,  0,  830;
        0,  1,  0,  20;
        0,  0,  1,  330;
        0,  0,  0,  1
      ] * [
            cosd(35),   -sind(35),  0,  -280;
            sind(35),   cosd(35),   0,  250;
            0,          0,          1,  62.5;
            0,          0,          0,  1
          ]; % TWC = TWD * TDC
% 由TWC = TW0 * T06 * T6C求出T06
% T06 = inv(TW0) * TWC * inv(T6C);不推荐用 inv(A) 来做矩阵运算,计算逆矩阵会放大误差,效率较低
% 使用除法
TW0 = [
        1,0,0,0;
        0,1,0,0;
        0,0,1,373;
        0,0,0,1
      ];
T6C = [
        0,0,1,0;
        0,-1,0,0;
        1,0,0,206;
        0,0,0,1
      ];
T06 =  TW0 \ TWC / T6C;
P06_ORG = [T06(1,4);T06(2,4);T06(3,4);];
% pieper法求出theta角
